dict_values([5, 5, 5, 5, 5, 5, 5, 5, 5, 5, 5, 5, 5, 5, 5, 5, 5, 5]) True
dict_values([5, 4, 5, 5, 5, 5, 5, 5, 5, 5, 5, 5, 5, 4, 5, 5, 5, 5]) True
dict_values([5, 4, 4, 5, 5, 5, 4, 5, 5, 4, 5, 5, 5, 4, 5, 5, 5, 5]) True
dict_values([5, 4, 4, 5, 5, 5, 3, 4, 5, 4, 5, 5, 5, 4, 5, 5, 5, 5]) True
dict_values([5, 4, 4, 5, 5, 5, 3, 4, 5, 4, 5, 5, 4, 4, 4, 4, 5, 5]) True
dict_values([5, 4, 4, 5, 5, 5, 3, 4, 5, 4, 5, 5, 4, 3, 4, 3, 5, 5]) True
dict_values([4, 4, 4, 5, 5, 5, 3, 4, 5, 4, 5, 5, 4, 3, 4, 3, 5, 5]) True
dict_values([4, 4, 3, 4, 5, 5, 3, 4, 5, 4, 5, 5, 4, 3, 4, 3, 5, 5]) True
dict_values([4, 4, 2, 4, 5, 5, 3, 4, 5, 4, 5, 5, 4, 3, 4, 3, 5, 5]) True
dict_values([4, 4, 2, 4, 5, 5, 3, 4, 5, 4, 5, 5, 4, 3, 3, 3, 5, 5]) True
dict_values([4, 4, 1, 4, 5, 4, 3, 4, 5, 4, 5, 5, 4, 3, 3, 3, 5, 5]) True
dict_values([4, 4, 1, 4, 4, 4, 3, 3, 4, 4, 5, 5, 4, 3, 3, 3, 5, 5]) False
